%YAML:1.0
---
CameraExtrinsicMat: !!opencv-matrix
   rows: 4
   cols: 4
   dt: d
   data: [ 2.5242356736842275e-02, 6.8847775957135537e-02,
       9.9730777956061623e-01, 5.5567708993958215e-02,
       -9.9497687512067023e-01, -9.4940777191002912e-02,
       3.1737466840870587e-02, -2.5277748652762588e-01,
       9.6870229696625287e-02, -9.9309930650067679e-01,
       6.6105416014110019e-02, -3.3242492773100007e-01, 0., 0., 0., 1. ]
CameraMat: !!opencv-matrix
   rows: 3
   cols: 3
   dt: d
   data: [ 6.2753314910326606e+02, 0., 3.4172235843899688e+02, 0.,
       6.2712813313859385e+02, 2.5016446481960082e+02, 0., 0., 1. ]
DistCoeff: !!opencv-matrix
   rows: 1
   cols: 5
   dt: d
   data: [ 1.1014105282224022e-01, 7.8342077485837325e-03,
       7.8653807665899928e-03, 6.9122249602244917e-03,
       -1.0361658676069541e+00 ]
ImageSize: [ 640, 480 ]
ReprojectionError: 2.7138364489598266e-01
