%YAML:1.0
---
CameraExtrinsicMat: !!opencv-matrix
   rows: 4
   cols: 4
   dt: d
   data: [ -3.6275038076750477e-02, -7.4150849157089693e-04,
       9.9934156912323391e-01, 7.0120605193603330e-02,
       -9.9919749095778743e-01, -1.6969429959383220e-02,
       -3.6282399459186543e-02, 3.0672139559690000e-02,
       1.6985160470030403e-02, -9.9985573389965143e-01,
       -1.2534670638419954e-04, -1.7201697391096954e-01, 0., 0., 0., 1. ]
CameraMat: !!opencv-matrix
   rows: 3
   cols: 3
   dt: d
   data: [ 6.4463455133801222e+02, 0., 3.4287554659125033e+02, 0.,
       6.4294511913204724e+02, 2.5505760338038883e+02, 0., 0., 1. ]
DistCoeff: !!opencv-matrix
   rows: 1
   cols: 5
   dt: d
   data: [ 2.3129436265801143e-01, -9.3471320313760375e-01,
       -1.3195125618663203e-03, 1.7717842373951041e-02,
       3.6388271483582977e+00 ]
ImageSize: [ 640, 480 ]
ReprojectionError: 4.9705843263645849e-01
